0.162539682
0.441179138
0.696598639
0.952018140
1.207437641
1.462857142
1.718276643
1.950476190
2.205895691
2.461315192
2.716734693
2.972154195
3.227573696
3.459773242
3.715192743
3.970612244
4.226031746
4.481451247
4.736870748
4.969070294
5.247709750
5.479909297
5.712108843
5.967528344
6.246167800
6.501587301
6.757006802
7.012426303
7.267845804
7.500045351
7.755464852
7.987664399
8.266303854
8.521723356
8.753922902
9.032562358
9.264761904
9.520181405
9.775600907
10.007800453
10.263219954
10.518639455
10.750839002
11.029478458
11.261678004
11.517097505
11.772517006
12.004716553
12.260136054
12.515555555
12.747755102
13.026394557
13.258594104
13.514013605
13.769433106
14.001632653
14.280272108
14.535691609
14.791111111
15.023310657
15.278730158
15.534149659
15.789569160
16.044988662
16.300408163
16.834467120
17.345306122
18.065124716
18.622403628
18.901043083
19.527981859
20.108480725
20.294240362
20.572879818
21.849977324
22.105396825
