0.232199546
1.160997732
1.555736961
1.950476190
2.739954648
3.587482993
3.970612244
4.481451247
5.445079365
6.188117913
6.489977324
6.931156462
7.662585034
8.486893424
8.811972789
9.322811791
10.205170068
10.843718820
11.284897959
11.354557823
11.656417233
11.993106575
12.306575963
12.712925170
13.119274376
13.514013605
13.862312925
14.291882086
14.767891156
15.360000000
16.126258503
16.834467120
16.892517006
17.728435374
18.529523809
18.889433106
19.319002267
20.166530612
20.909569160
21.745487528
22.604625850
23.428934240
24.647981859
26.424308390
27.213786848
27.492426303
27.898775510
28.537324263
29.291972789
29.593832199
29.930521541
30.708390022
31.358548752
31.648798185
32.031927437
32.705306122
33.471564625
33.726984126
34.214603174
35.096961451
35.607800453
36.048979591
36.130249433
36.385668934
36.699138321
37.012607709
37.395736961
37.860136054
38.208435374
38.533514739
38.916643990
39.230113378
39.752562358
40.437551020
41.076099773
41.761088435
42.492517006
42.817596371
43.223945578
43.897324263
44.617142857
45.348571428
46.045170068
46.114829931
46.706938775
47.508027210
48.506485260
49.342403628
50.062222222
50.723990929
51.362539682
52.012698412
52.720907029
53.440725623
54.090884353
54.752653061
55.542131519
56.238730158
56.900498866
57.631927437
58.282086167
59.059954648
59.698503401
60.313832199
61.126530612
61.881179138
62.450068027
62.519727891
63.251156462
63.750385487
64.005804988
64.725623582
65.642811791
66.385850340
67.082448979
67.779047619
68.429206349
69.056145124
69.706303854
70.437732426
71.041451247
71.749659863
72.434648526
73.224126984
74.048435374
74.733424036
75.012063492
75.371972789
76.010521541
76.776780045
77.067029478
77.461768707
78.251247165
79.145215419
80.155283446
81.362721088
81.490430839
82.233469387
82.523718820
82.860408163
83.452517006
84.404535147
84.764444444
85.402993197
86.087981859
86.308571428
86.645260770
87.225759637
87.910748299
88.154557823
88.572517006
89.303945578
89.396825396
89.826394557
90.105034013
90.430113378
90.604263038
90.766802721
90.917732426
91.161541950
91.567891156
91.695600907
91.869750566
92.183219954
92.368979591
92.531519274
92.821768707
92.891428571
94.168526077
94.249795918
94.342675736
94.458775510
94.830294784
95.132154195
95.782312925
96.374421768
96.444081632
97.105850340
98.510657596
98.638367346
98.754467120
98.905396825
98.963446712
99.137596371
99.358185941
100.182494331
100.797823129
101.076462585
101.180952380
101.297052154
101.506031746
102.156190476
102.829569160
103.549387755
104.245986394
104.513015873
105.047074829
105.778503401
106.602811791
107.299410430
107.369070294
107.937959183
108.715827664
110.701133786
111.908571428
