0.975238095
1.834376417
3.123083900
3.633922902
4.156371882
4.702040816
6.489977324
7.047256235
7.581315192
8.092154195
8.823582766
9.380861678
9.880090702
10.007800453
10.205170068
10.553469387
11.099138321
11.563537414
12.236916099
12.782585034
13.293424036
13.850702947
14.907210884
15.568979591
16.126258503
16.625487528
17.159546485
17.740045351
18.181224489
18.703673469
19.214512471
19.736961451
20.236190476
20.816689342
21.408798185
22.117006802
22.848435374
23.394104308
23.962993197
24.276462585
24.543492063
24.845351473
25.158820861
25.518730158
26.017959183
26.737777777
27.260226757
28.792743764
29.512562358
30.731609977
31.242448979
31.706848072
31.788117913
32.020317460
33.309024943
33.819863945
34.377142857
34.806712018
34.946031746
35.131791383
35.340770975
35.898049886
36.188299319
36.397278911
36.617868480
36.826848072
37.268027210
37.511836734
38.011065759
38.312925170
38.603174603
39.079183673
39.694512471
40.205351473
40.774240362
41.261859410
41.819138321
43.200725623
43.746394557
43.839274376
44.001814058
44.384943310
44.872562358
44.953832199
45.336961451
45.882630385
46.428299319
46.892698412
47.391927437
47.972426303
48.552925170
49.237913832
49.295963718
50.039002267
50.573061224
51.118730158
51.420589569
51.699229024
51.989478458
52.279727891
52.709297052
53.185306122
54.532063492
55.054512471
55.588571428
56.157460317
56.877278911
57.562267573
58.026666666
59.013514739
59.535963718
60.186122448
61.381950113
61.834739229
62.868027210
63.541405895
63.622675736
64.388934240
64.853333333
65.457052154
66.014331065
66.327800453
67.535238095
67.732607709
68.893605442
69.392834467
69.892063492
70.495782312
71.262040816
71.981859410
72.481088435
72.922267573
73.398276643
73.874285714
74.454784580
74.977233560
75.441632653
75.975691609
76.498140589
77.508208616
77.566258503
78.123537414
78.576326530
79.087165532
79.737324263
80.213333333
80.735782312
81.327891156
81.780680272
82.233469387
82.802358276
83.487346938
84.172335600
84.241995464
84.346485260
85.356553287
85.855782312
86.076371882
86.540770975
86.749750566
86.993560090
87.341859410
88.003628117
88.572517006
89.036916099
89.547755102
90.000544217
90.128253968
90.337233560
90.534603174
91.080272108
91.382131519
91.579501133
91.800090702
91.997460317
92.415419501
92.682448979
93.146848072
93.471927437
93.738956916
94.214965986
94.841904761
95.329523809
95.851972789
96.362811791
96.931700680
99.091156462
99.404625850
100.832653061
101.355102040
101.865941043
102.411609977
102.922448979
103.502947845
104.106666666
104.791655328
105.511473922
106.045532879
106.718911564
107.125260770
107.322630385
107.508390022
107.670929705
108.054058956
108.274648526
108.634557823
108.994467120
109.424036281
109.598185941
109.969705215
111.165532879
112.187210884
112.721269841
113.917097505
114.346666666
114.811065759
115.287074829
115.763083900
116.343582766
116.912471655
117.376870748
117.910929705
118.398548752
119.698866213
120.232925170
120.604444444
120.975963718
121.463582766
122.044081632
122.322721088
123.402448979
124.644716553
125.132335600
125.689614512
126.223673469
126.989931972
127.047981859
127.663310657
128.116099773
128.568888888
129.021678004
129.474467120
129.996916099
130.960544217
131.436553287
131.935782312
132.458231292
133.027120181
133.096780045
134.118458049
134.664126984
135.372335600
135.871564625
136.498503401
137.090612244
137.520181405
137.984580498
138.541859410
139.215238095
139.888616780
139.993106575
141.084444444
141.560453514
141.792653061
142.024852607
142.245442176
142.454421768
143.046530612
144.277188208
144.706757369
145.194376417
145.635555555
145.740045351
146.158004535
146.715283446
147.028752834
147.423492063
147.632471655
148.050430839
148.305850340
148.770249433
149.072108843
149.373968253
149.908027210
150.476916099
150.929705215
151.405714285
152.462222222
153.785759637
154.110839002
154.238548752
154.366258503
154.586848072
154.888707482
155.329886621
155.782675736
156.247074829
156.757913832
157.280362811
157.744761904
158.302040816
158.870929705
159.625578231
160.148027210
160.426666666
160.658866213
161.018775510
161.494784580
161.668934240
162.133333333
162.586122448
162.911201814
163.062131519
163.468480725
163.712290249
164.362448979
164.745578231
165.488616780
165.964625850
166.429024943
167.555192743
168.576870748
170.329977324
170.794376417
171.293605442
171.955374149
173.069931972
174.521179138
175.345487528
176.076916099
177.551383219
178.004172335
179.919818594
180.128798185
180.349387755
181.405895691
181.905124716
182.369523809
183.286712018
183.751111111
184.192290249
184.691519274
185.248798185
185.806077097
186.073106575
186.235646258
186.688435374
186.885804988
187.489523809
189.289070294
189.579319727
190.124988662
190.670657596
191.378866213
191.785215419
192.040634920
192.760453514
193.875011337
195.198548752
195.720997732
196.847165532
197.845623582
198.786031746
199.273650793
199.726439909
200.388208616
200.771337868
201.131247165
201.688526077
202.315464852
202.791473922
203.209433106
204.219501133
204.939319727
205.008979591
205.740408163
207.226485260
208.015963718
208.155283446
208.596462585
209.118911564
209.757460317
210.372789115
210.860408163
211.289977324
211.707936507
212.125895691
212.543854875
212.961814058
213.333333333
213.728072562
214.192471655
214.703310657
215.202539682
215.794648526
216.560907029
217.559365079
218.209523809
218.604263038
218.871292517
219.428571428
219.765260770
220.160000000
220.856598639
226.057868480
226.197188208
226.359727891
226.499047619
226.649977324
226.800907029
226.963446712
227.300136054
227.462675736
227.578775510
227.729705215
227.822585034
228.043174603
228.147664399
228.275374149
231.201088435
231.514557823
231.897687074
232.954195011
234.045532879
234.776961451
235.601269841
235.949569160
237.110566893
238.352834467
239.780861678
