0.034829931
0.185759637
0.661768707
1.137777777
1.416417233
1.602176870
2.066575963
2.530975056
2.844444444
3.018594104
3.320453514
3.482993197
3.784852607
3.935782312
4.249251700
4.435011337
4.911020408
5.352199546
5.828208616
6.176507936
6.373877551
6.698956916
6.931156462
7.291065759
7.685804988
8.126984126
8.324353741
8.765532879
10.077460317
10.228390022
10.356099773
10.657959183
10.936598639
11.203628117
11.621587301
11.935056689
12.306575963
13.026394557
