0.069659863
0.464399092
0.859138321
1.253877551
1.660226757
2.031746031
2.426485260
2.821224489
3.204353741
3.517823129
3.599092970
4.005442176
4.376961451
4.771700680
4.957460317
5.166439909
5.549569160
5.944308390
6.350657596
6.733786848
7.128526077
7.511655328
7.906394557
8.289523809
8.684263038
9.079002267
9.462131519
9.798820861
9.856870748
10.240000000
10.646349206
11.041088435
11.424217687
11.807346938
12.062766439
12.202086167
12.608435374
12.991564625
13.386303854
13.781043083
14.187392290
14.558911564
14.953650793
15.336780045
15.719909297
16.044988662
16.114648526
16.520997732
16.915736961
17.287256235
17.484625850
17.693605442
18.076734693
18.471473922
19.249342403
19.644081632
20.038820861
20.816689342
21.223038548
21.606167800
21.989297052
22.384036281
22.767165532
