0.092879818
0.255419501
0.394739229
0.545668934
0.615328798
0.719818594
0.917188208
1.044897959
1.346757369
1.637006802
1.764716553
1.973696145
2.287165532
2.600634920
3.088253968
3.215963718
3.529433106
3.854512471
4.353741496
4.469841269
4.794920634
5.096780045
5.398639455
5.584399092
5.723718820
5.897868480
6.037188208
6.350657596
6.652517006
6.965986394
7.279455782
7.592925170
7.906394557
8.115374149
8.219863945
8.486893424
8.846802721
9.160272108
9.473741496
9.601451247
9.787210884
10.100680272
10.716009070
11.354557823
11.551927437
11.644807256
11.969886621
12.283356009
12.596825396
13.096054421
13.223764172
13.386303854
13.537233560
13.850702947
14.164172335
14.466031746
14.779501133
15.104580498
15.278730158
15.592199546
15.719909297
15.894058956
16.033378684
16.346848072
16.567437641
16.869297052
16.962176870
17.275646258
17.589115646
18.099954648
18.158004535
18.216054421
18.471473922
18.842993197
19.365442176
19.469931972
19.783401360
20.096870748
20.723809523
