0.336689342
0.696598639
0.917188208
0.986848072
1.695056689
2.101405895
2.414875283
3.134693877
3.564263038
3.842902494
4.551111111
5.270929705
5.630839002
5.851428571
5.979138321
6.350657596
6.698956916
7.418775510
7.767074829
8.126984126
8.301133786
8.533333333
8.835192743
8.974512471
9.229931972
9.496961451
9.555011337
10.274829931
10.518639455
10.785668934
10.983038548
11.342947845
11.702857142
11.772517006
12.120816326
12.306575963
12.422675736
13.130884353
13.490793650
13.769433106
13.839092970
14.558911564
14.988480725
15.278730158
15.986938775
16.195918367
16.648707482
17.008616780
17.368526077
18.076734693
18.796553287
19.156462585
19.504761904
19.957551020
20.212970521
20.387120181
20.596099773
20.654149659
20.874739229
20.932789115
21.652607709
